3 1 
3 2 
2 2 
2 3 
1 3 
1 4 
1 5 
2 5 
2 6 
3 6 
3 7 
4 7 
5 7 
5 8 
4 8 
3 8 
3 9 
3 10 
3 11 
3 12 
2 12 
2 13 
1 13 
1 14 
1 15 
2 15 
2 16 
3 16 
3 17 
4 17 
5 17 
5 18 
4 18 
3 18 
3 19 
3 20 
3 21 
3 22 
2 22 
2 23 
1 23 
1 24 
1 25 
2 25 
2 26 
3 26 
3 27 
4 27 
5 27 
5 28 
4 28 
3 28 
3 29 
3 30 
3 31 
3 32 
2 32 
2 33 
1 33 
1 34 
1 35 
2 35 
2 36 
3 36 
3 37 
4 37 
5 37 
5 38 
4 38 
3 38 
3 39 
3 40 
3 41 
3 42 
2 42 
2 43 
1 43 
1 44 
1 45 
2 45 
2 46 
3 46 
3 47 
4 47 
5 47 
5 48 
4 48 
3 48 
3 49 
3 50 
3 51 
3 52 
2 52 
2 53 
1 53 
1 54 
1 55 
2 55 
2 56 
3 56 
3 57 
4 57 
5 57 
5 58 
4 58 
3 58 
3 59 
3 60 
3 61 
3 62 
2 62 
2 63 
1 63 
1 64 
1 65 
2 65 
2 66 
3 66 
3 67 
4 67 
5 67 
5 68 
4 68 
3 68 
3 69 
3 70 
3 71 
3 72 
2 72 
2 73 
1 73 
1 74 
1 75 
2 75 
2 76 
3 76 
3 77 
4 77 
5 77 
5 78 
4 78 
3 78 
3 79 
3 80 
3 81 
3 82 
2 82 
2 83 
1 83 
1 84 
1 85 
2 85 
2 86 
3 86 
3 87 
4 87 
5 87 
5 88 
4 88 
3 88 
3 89 
3 90 
3 91 
3 92 
2 92 
2 93 
1 93 
1 94 
1 95 
2 95 
2 96 
3 96 
3 97 
4 97 
5 97 
5 98 
4 98 
3 98 
3 99 
3 100 
3 101 
3 102 
2 102 
2 103 
1 103 
1 104 
1 105 
2 105 
2 106 
3 106 
3 107 
4 107 
5 107 
5 108 
4 108 
3 108 
3 109 
3 110 
3 111 
3 112 